0,273
0,270
335,35
3,2
3,1
3,3
10,278
10,176
10,78
10,228
10,8
10,138
10,134
10,126
10,3
9,6
9,4
8,16
8,15
8,5
8,18
8,7
8,8
2,2
2,1
2,3
329,5
329,4
329,3
329,2
329,1
329,0
327,6
327,5
327,4
327,3
327,2
327,1
327,0
324,6
324,5
324,4
324,3
324,2
324,1
324,0
321,4
321,3
321,2
321,1
321,0
320,6
320,5
320,4
320,3
320,2
320,1
320,0
317,4
317,3
317,2
317,1
317,0
316,4
316,3
316,2
316,1
316,0
315,4
315,3
315,2
315,1
315,0
34,3
34,1
20,3
20,2
20,1
19,3
19,2
19,1
18,3
18,1
14,3
14,1
13,3
13,1
12,3
12,2
12,1
11,27
11,26
11,25
11,24
11,22
11,21
11,20
11,19
11,18
11,17
11,16
11,14
11,12
11,10
11,8
11,7
11,6
11,4
11,3
11,2
11,1
10,291
10,290
10,288
10,275
10,266
10,262
